BR = [-0.12958333333 -0.04166666667 -0.12827461608 -0.02369146006 -0.05544147844 -0.06087936866 -0.04087193460 -0.05219206681 -0.18502202643 -0.14506927465;
-0.00909526089 0.00695652174 -0.07461139896 0.01805869074 -0.03768115942 0.04081632653 0.15340909091 0.02643171806 -0.01081081081 0.05815061964;
0.10144927536 0.09153713299 0.15341545353 0.06707317073 0.05722891566 0.11303344867 -0.01908866995 0.07768240343 -0.01639344262 0.09099099099;
0.02587719298 0.05696202532 -0.06990291262 0.03636363636 -0.05519943020 0.02176165803 0.01694915254 0.04141776185 0.07222222222 -0.04211395541;
-0.02650705430 -0.04191616766 -0.01983298539 -0.02756892231 0.00113079533 0.03144016227 -0.03703703704 0.08986615679 0.02072538860 0.11120689655;
0.09134826526 0.02031250000 0.15548455804 0.02577319588 -0.00602409639 0.04621435595 0.02115384615 0.13824561404 -0.03553299492 0.04732350659;
0.11549295775 0.09188361409 -0.02304147465 0.02713567839 0.02992424242 -0.03289473684 -0.02259887006 0.02034525277 0.01578947368 -0.08296296296;
0.26984126984 0.15427769986 0.06792452830 0.14187866928 0.11952923869 0.12147716229 0.07450224791 0.07824773414 0.00000000000 0.08239095315;
-0.28125000000 -0.15431348724 -0.11660777385 -0.16152527849 -0.09559789750 -0.07452339688 -0.15062761506 -0.09778649482 -0.13989637306 -0.22910447761;
0.09604743083 0.06752873563 -0.03300000000 -0.05978538579 -0.01925172539 0.04400749064 0.04503870514 0.02670807453 0.18072289157 -0.08906098742;
0.07104219257 0.06191117093 0.04239917270 0.06793478261 0.01962962963 0.03049327354 0.04511784512 0.01391409558 0.08673469388 -0.13602550478;
-0.19528619529 -0.01140684411 -0.12103174603 -0.04122137405 -0.02905920814 -0.00609225413 -0.02061855670 -0.04922434368 -0.09389671362 0.03198031980;
-0.13389121339 -0.02948717949 -0.03273137698 0.03237791932 -0.05798728021 -0.07618213660 -0.09539473684 -0.06526513963 -0.13471502591 -0.33134684148;
0.14444444444 0.10303830911 0.05017502917 0.07146529563 0.06870532168 0.20094786730 0.13890909091 0.07955689829 0.09580838323 0.19607843137;
-0.03376952301 -0.01437125749 0.14666666667 0.01007677543 0.04942400595 0.08129439621 0.13984674330 0.02207711443 -0.07103825137 -0.08792846498;
0.16251638270 0.07047387606 0.10949612403 -0.05035629454 0.01133144476 0.16277372263 0.05602240896 0.07058107697 -0.01764705882 -0.01307189542;
-0.14505824878 -0.17253121453 -0.08296943231 0.03201600800 -0.04446778711 0.00816070308 -0.05305039788 -0.05285592498 -0.07185628743 -0.11754966887;
0.06549450549 0.00960219479 0.09619047619 -0.00387784779 0.00513008428 0.05728518057 0.15966386555 0.02070207021 -0.16129032258 -0.14258911820;
-0.09075907591 -0.05706521739 0.13379669852 0.03211678832 0.05687203791 -0.03828032980 -0.05893719807 -0.05320399765 0.07692307692 -0.12910284464;
-0.19101633394 -0.13256484150 -0.14099616858 -0.12776991985 -0.07450845119 -0.09369259032 -0.14579055441 -0.10897236883 -0.03571428571 -0.20351758794;
-0.14750420639 -0.01993355482 0.02408563782 0.03081081081 0.00670890794 -0.06621621622 -0.09555288462 -0.13554006969 -0.03703703704 0.30914826498;
0.05065789474 0.00847457627 -0.01742160279 0.04352385947 0.00333209922 0.00578871201 0.07441860465 0.07214832729 -0.03846153846 0.04337349398;
0.02003757044 0.00672268908 0.05230496454 -0.11457286432 -0.01217712177 -0.05395683453 0.00618429190 -0.02368421053 -0.04800000000 0.25866050808;
-0.09515039902 -0.05008347245 0.01432181971 -0.04937570942 0.00074710497 -0.02281368821 -0.11493546404 -0.06314978822 -0.05882352941 -0.05137614679;
-0.06037991859 0.00000000000 0.00664451827 0.03820895522 0.01045166107 0.03735408560 -0.09097222222 -0.04932182491 -0.21428571429 -0.17021276596;
-0.02238267148 -0.00878734622 0.05033003300 0.08453133985 0.04322127817 0.01425356339 -0.09702062643 0.04280155642 0.15909090909 0.14452214452;
0.45125553914 0.20035460993 -0.00864100550 0.06468716861 0.05736543909 0.16050295858 0.17343485618 0.23217247098 0.27450980392 0.26883910387;
0.12519083969 0.05760709010 0.01426307448 -0.02589641434 0.02210314802 -0.00573613767 -0.00144196107 0.00942126514 0.10000000000 0.15088282504;
-0.25508819539 -0.09357541899 -0.04609375000 -0.03629856851 -0.07011795544 0.00641025641 -0.04693140794 -0.09133333333 0.13986013986 0.18410041841;
0.04310868245 0.06317411402 0.11547911548 0.01856763926 0.07998590557 0.13375796178 0.01363636364 0.03118121790 0.08588957055 0.16254416961;
0.22526193248 0.10144927536 0.05580029369 0.34895833333 0.10179445351 0.15056179775 0.05007473842 0.07221629313 0.10734463277 0.11448834853;
0.10261282660 0.02894736842 -0.00556328234 -0.10424710425 -0.07610305004 -0.05957031250 -0.01921708185 -0.03284671533 0.27551020408 0.00000000000;
-0.01766479966 -0.03069053708 0.00559440559 -0.09568965517 -0.01282051282 -0.04569055036 0.08200290276 0.02504288165 0.14400000000 -0.00909090909;
0.28464912281 0.13192612137 0.06745479833 -0.01096282173 0.05324675325 0.10391730141 0.01542588867 0.07563587684 0.14335664336 0.01926605505;
-0.02697166268 -0.08741258741 -0.07622149837 -0.10602409639 -0.11590628853 -0.16757023164 -0.05482166446 -0.11978842564 0.14067278287 0.02250225023;
-0.01438596491 -0.03831417625 -0.05500705219 0.11805929919 -0.02370990237 0.03078744819 -0.06009783368 0.00035348180 -0.04021447721 0.07130281690;
0.10751156995 0.12084993360 0.04850746269 0.03471552555 0.02285714286 0.03044227455 -0.02304832714 -0.01378091873 0.31284916201 0.18241577650;
0.06396657023 0.08175355450 -0.02277580071 0.02562907735 0.03282122905 0.07023411371 0.09969558600 0.02543891078 0.02127659574 0.19527449618;
0.02024169184 -0.05366922234 0.01602330663 0.04270786006 -0.04327248141 0.08802083333 -0.01660899654 0.02026554857 -0.23541666667 -0.14360465116;
-0.02724311519 0.04050925926 -0.03799283154 0.00261437908 -0.03886925795 0.06366682623 0.01055594652 0.02363013699 -0.06539509537 -0.18533604888;
-0.13729071537 -0.09454949944 -0.00596125186 -0.01347240330 -0.02426470588 -0.01935193519 0.12116991643 -0.02643024423 0.01457725948 -0.03083333333;
-0.05434015526 0.00737100737 0.06371814093 -0.02907488987 0.02260738508 0.03854979348 -0.04906832298 -0.01546391753 0.04310344828 0.14617368874;
0.07089552239 0.02560975610 0.01268498943 0.05353901996 0.03168754606 0.06981882457 0.02873938602 -0.04188481675 -0.02754820937 0.06001500375;
0.06968641115 0.10225921522 0.06054279749 -0.03100775194 0.03142857143 0.04460966543 0.10349206349 0.00983606557 -0.01416430595 0.01698513800;
0.13680781759 0.08198489752 -0.00656167979 -0.01111111111 0.00415512465 0.17833135627 0.08400460299 0.03282828283 0.03735632184 -0.00695894224;
-0.01318051576 -0.04985044865 -0.04887714663 -0.07865168539 -0.01241379310 -0.04362416107 -0.05201698514 -0.03143555711 0.00277008310 -0.07988787666;
-0.13095238095 -0.00944386149 -0.04166666667 0.03804878049 -0.01047486034 -0.01614035088 0.00335946249 -0.03065272268 -0.02209944751 0.03808073115;
0.06314734380 0.04237288136 0.01449275362 0.00281954887 0.00247000706 0.04600570613 0.01395089286 0.05989583333 0.10169491525 0.06089508437];



